_C_1ea5_5add2431_8 8c 0 150 0 0 74202568 0 2c20676f 0 70202568 0 2e204578 0 72656374 0 6e636f72 0 75742069 0 7274206f 0 20737461 0 726f722c 0 4572 
_C_1ea5_5add2431_f 8c 0 140 0 0 6f2e2e2e 0 20666966 0 63746564 0 65787065 0 74686520 0 72616e20 0 6f766572 0 796f7520 0 69732c20 0 4d6f7272 
_C_1ea5_5add2431_a 8c 0 88 0 0 6f636b73 0 6620636c 0 7574206f 0 616e206f 0 52 
_C_4972_5af38a28_1 8c 0 58 0 0 2e646174 0 64646c65 0 747769 
_C_1ea5_5add2431_3 8c 0 f0 0 0 6c6f7574 0 20726561 0 65206f6e 0 2074696d 0 686f6c64 0 204e6f20 0 726f722c 0 4572 
_C_1ea5_5add2431_c 8c 0 8 0 0 72 
_C_1ea5_5add2431_6 8c 0 148 0 0 74202568 0 2c20676f 0 70202568 0 2e204578 0 72656374 0 6e636f72 0 75742069 0 616c206f 0 2c207265 0 72726f72 0 45 
_C_1ea5_5add2431_2 8c 0 188 0 0 67207570 0 6976696e 0 742c2067 0 61206f75 0 20646174 0 20666f72 0 6f636b73 0 3020636c 0 20323030 0 69746564 0 2c205761 0 72726f72 0 45 
_C_1ea5_5add2431_5 8c 0 f8 0 0 746f7574 0 73746172 0 206f6e20 0 74696d65 0 6f6c6420 0 4e6f2068 0 6f722c20 0 457272 
_C_1ea5_5add2431_b 8c 0 68 0 0 2e747874 0 61736573 0 66745f63 0 66 
_C_1ea5_5add2431_9 8c 0 120 0 0 20275827 0 7320616e 0 74206861 0 61676f75 0 7220696d 0 7574206f 0 65616c6f 0 722c2072 0 4572726f 
_C_1ea5_5add2431_e 8c 0 48 0 0 64202564 0 2a732025 0 25 
_C_1ea5_5add2431_4 8c 0 f0 0 0 676f7574 0 20696d61 0 65206f6e 0 2074696d 0 686f6c64 0 204e6f20 0 726f722c 0 4572 
_C_1ea5_5add2431_7 8c 0 148 0 0 74202568 0 2c20676f 0 70202568 0 2e204578 0 72656374 0 6e636f72 0 75742069 0 6167206f 0 2c20696d 0 72726f72 0 45 
_C_1ea5_5add2431_1 8c 0 b0 0 0 20275827 0 74206973 0 72746f75 0 20737461 0 726f722c 0 4572 
_C_643e_5af621c7_1 84 0 4 0 0 0 
_C_1b1f_5aecdb62_2 84 0 5 0 0 0 
_C_1b1f_5aecdb62_4 84 0 6 0 0 0 
_C_6d0b_5af622ce_1 84 0 2 0 0 0 
_C_1ea5_5add2431_d 8c 0 48 0 0 68202568 0 2a732025 0 25 
_C_4972_5af38a28_4 84 0 15 0 0 0 
_C_4972_5af38a28_3 84 0 16 0 0 0 
_C_1ea5_5add2431_12 8c 0 38 0 0 2e767064 0 666674 
_C_230a_5aed006e_1 84 0 10 0 0 0 
_C_1b1f_5aecdb62_5 84 0 1c 0 0 0 
_C_4972_5af38a28_6 84 0 1d 0 0 0 
_C_4972_5af38a28_2 84 0 1e 0 0 0 
_C_1b1f_5aecdb62_6 84 0 1b 0 0 0 
_C_1ea5_5add2431_13 84 0 20 0 0 0 
_C_1ea5_5add2431_14 84 0 20 0 0 1 
_C_1ea5_5add2431_10 8c 0 e8 0 0 650a2573 0 206c696e 0 66696c65 0 70757420 0 6420696e 0 65637465 0 6e657870 0 55 
_C_1b1f_5aecdb62_7 84 0 37 0 0 1 0 0 
_C_1b1f_5aecdb62_1 84 0 37 0 0 0 0 0 
_C_6d0b_5af622ce_2 84 0 31 0 0 1 0 0 
_C_4972_5af38a28_5 84 0 33 0 0 1 0 0 
_C_1ea5_5add2431_11 8c 0 120 0 0 210a0a0a 0 676f6f64 0 64696420 0 596f7520 0 6e6f770a 0 6f6e6520 0 6c6c2064 0 276d2061 0 a0a0a49 
_C_1b1f_5aecdb62_3 94 0 28 0 0 0 0 0 
